00000001011011111111011000000101001101010011101100001100101111101010010000000000100000000000010011111111000001001000000000000000101001001011111000001100001110110011010100000101111101100110111110000000
00000001011011111111011011101101000111110001011100001100101111101010010000000000100100001111101011111111111110101001000000000000101001001011111000001100000101110001111111101101111101100110111110000000
00000001011011111111011010101111000111110001110000001100101111101010010000000000100100001011001111111111101100111001000000000000101001001011111000001100000111000001111110101111111101100110111110000000
00000001011011111111011000001101000111110010000100001100101111101010010000000000100100000010110011111111001011001001000000000000101001001011111000001100001000010001111100001101111101100110111110000000
00000001011011111111011000000000001101000010100000001100101111101010010000000000100000000001001111111111000100111000000000000000101001001011111000001100001010000011010000000000111101100110111110000000
00000001011011111111011000011000001000000010011100001100101111101010010000000000100100000000000011111111000000001001000000000000101001001011111000001100001001110010000000011000111101100110111110000000
00000001011011111111011000010010001000000010110100001100101111101010010000000000100100000000000011111111000000001001000000000000101001001011111000001100001011010010000000010010111101100110111110000000
00000001011011111111011000111011000111110010110100001100101111101010010000000000100100000001011011111111000101101001000000000000101001001011111000001100001011010001111100111011111101100110111110000000
00000001011011111111011010010000001000000000110100001101101111101010010000000000100100001010001111111111101000111001000000000000101001001011111000001101000011010010000010010000111101100110111110000000
00000001011011111111011010001101001101010001101100001101101111101010010000000000100000001010110111111111101011011000000000000000101001001011111000001101000110110011010110001101111101100110111110000000
00000001011011111111011001010101001101010001001000001101101111101010010000000000100000000111110011111111011111001000000000000000101001001011111000001101000100100011010101010101111101100110111110000000
00000001011011111111011000000111001000000001000100001101101111101010010000000000100100000010100011111111001010001001000000000000101001001011111000001101000100010010000000000111111101100110111110000000
00000001011011111111011010010001000111100000100000001101101111101010010000000000100100001001100111111111100110011001000000000000101001001011111000001101000010000001111010010001111101100110111110000000
00000001011011111111011011111001000111110000000000001101101111101010010000000000100100001111100011111111111110001001000000000000101001001011111000001101000000000001111111111001111101100110111110000000
00000001011011111111011011110001000111110000011000001100101111101010010000000000100100001111011111111111111101111001000000000000101001001011111000001100000001100001111111110001111101100110111110000000
00000001011011111111011000101010000111110000011000001100101111101010010000000000100100000010110011111111001011001001000000000000101001001011111000001100000001100001111100101010111101100110111110000000
00000001011011111111011000111101000111110000111000001100101111101010010000000000100100000011001111111111001100111001000000000000101001001011111000001100000011100001111100111101111101100110111110000000
00000001011011111111011000010111001000000001010000001100101111101010010000000000100100000011110011111111001111001001000000000000101001001011111000001100000101000010000000010111111101100110111110000000
00000001011011111111011001001110001101010011100000001100101111101010010000000000100000000100110011111111010011001000000000000000101001001011111000001100001110000011010101001110111101100110111110000000
00000001011011111111011001101110001101000011100100001100101111101010010000000000100000000110110011111111011011001000000000000000101001001011111000001100001110010011010001101110111101100110111110000000
00000001011011111111011000010001001101010011011100001100101111101010010000000000100000000001110011111111000111001000000000000000101001001011111000001100001101110011010100010001111101100110111110000000
00000001011011111111011001000000001101010011011100001100101111101010010000000000100000000100110111111111010011011000000000000000101001001011111000001100001101110011010101000000111101100110111110000000
00000001011011111111011011111111001101000011100000001100101111101010010000000000100000001111110011111111111111001000000000000000101001001011111000001100001110000011010011111111111101100110111110000000
00000001011011111111011001011010001101010011010100001100101111101010010000000000100000000101010111111111010101011000000000000000101001001011111000001100001101010011010101011010111101100110111110000000
00000001011011111111011011010111001101000011011100001100101111101010010000000000100000001101101111111111110110111000000000000000101001001011111000001100001101110011010011010111111101100110111110000000
00000001011011111111011001001001001101010011010000001100101111101010010000000000100000000100011111111111010001111000000000000000101001001011111000001100001101000011010101001001111101100110111110000000
00000001011011111111011011110111001101000011010000001100101111101010010000000000100000001111100011111111111110001000000000000000101001001011111000001100001101000011010011110111111101100110111110000000
00000001011011111111011001001011001101010011001000001100101111101010010000000000100000000100001111111111010000111000000000000000101001001011111000001100001100100011010101001011111101100110111110000000
00000001011011111111011011000110000111100001000100001001101111101010010000000000100100001101001111111111110100111001000000000000101001001011111000001001000100010001111011000110111101100110111110000000
00000001011011111111011011010000000111110000010000001100101111101010010000000000100100001101010011111111110101001001000000000000101001001011111000001100000001000001111111010000111101100110111110000000
00000001011011111111011011011011000111110000000100001100101111101010010000000000100100001101101011111111110110101001000000000000101001001011111000001100000000010001111111011011111101100110111110000000
00000001011011111111011001111011000111110011101000001011101111101010010000000000100100000100011011111111010001101001000000000000101001001011111000001011001110100001111101111011111101100110111110000000
00000001011011111111011000000010000111110011100000001001101111101010010000000000100100000011111111111111001111111001000000000000101001001011111000001001001110000001111100000010111101100110111110000000
00000001011011111111011010101000000111100000100100001010101111101010010000000000100100001010011011111111101001101001000000000000101001001011111000001010000010010001111010101000111101100110111110000000
00000001011011111111011001100010000111110001111000001011101111101010010000000000100100000111101111111111011110111001000000000000101001001011111000001011000111100001111101100010111101100110111110000000
00000001011011111111011000001111000111110000111100001011101111101010010000000000100100000000011111111111000001111001000000000000101001001011111000001011000011110001111100001111111101100110111110000000
00000001011011111111011010101000000111110010000000001011101111101010010000000000100100001000111111111111100011111001000000000000101001001011111000001011001000000001111110101000111101100110111110000000
00000001011011111111011000011011001000000001010100001100101111101010010000000000100100000011000111111111001100011001000000000000101001001011111000001100000101010010000000011011111101100110111110000000
00000001011011111111011011000111001101010001011100001101101111101010010000000000100000001110101111111111111010111000000000000000101001001011111000001101000101110011010111000111111101100110111110000000
00000001011011111111011010101101001000000001011100001101101111101010010000000000100100001000010011111111100001001001000000000000101001001011111000001101000101110010000010101101111101100110111110000000
00000001011011111111011010011100001000000000111100001101101111101010010000000000100100001010110111111111101011011001000000000000101001001011111000001101000011110010000010011100111101100110111110000000
00000001011011110011011001110111000110000001000000010111101110111010010000000000100100001011111011111111101111101001000000000000101001001011101100010111000100000001100001110111001101100110111110000000
00000001011011111111011001110010001000000011100100001100101111101010010000000000100100000111010011111111011101001001000000000000101001001011111000001100001110010010000001110010111101100110111110000000
00000001011011111111011011000000000101010010011000010000101110101010010000000000100100001111010011111111111101001001000000000000101001001011101000010000001001100001010111000000111101100110111110000000
00000001011011111111011001011111001000000011001000001100101111101010010000000000100100000101001011111111010100101001000000000000101001001011111000001100001100100010000001011111111101100110111110000000
00000001011011111111011000011010001000000010011000001100101111101010010000000000100100000000001111111111000000111001000000000000101001001011111000001100001001100010000000011010111101100110111110000000
00000001011011111111011001111111001101010011001100001100101111101010010000000000100000000111011011111111011101101000000000000000101001001011111000001100001100110011010101111111111101100110111110000000
00000001011011111111011000010000001000000001100100001100101111101010010000000000100100000011011011111111001101101001000000000000101001001011111000001100000110010010000000010000111101100110111110000000
00000001011011111111011001001110001000000001000100001101101111101010010000000000100100000110000111111111011000011001000000000000101001001011111000001101000100010010000001001110111101100110111110000000
00000001011011111111011001001000001000000010010000001100101111101010010000000000100100000101001111111111010100111001000000000000101001001011111000001100001001000010000001001000111101100110111110000000
00000001011011111111011001010110001000000000110000001101101111101010010000000000100100000110010011111111011001001001000000000000101001001011111000001101000011000010000001010110111101100110111110000000
00000001011011111111011001001101001101010000000100001101101111101010010000000000100000000111011111111111011101111000000000000000101001001011111000001101000000010011010101001101111101100110111110000000
00000001011011111111011001000000001000000010000000001100101111101010010000000000100100000101111111111111010111111001000000000000101001001011111000001100001000000010000001000000111101100110111110000000
00000001011011111111011001011011001000000000100100001101101111101010010000000000100100000110110011111111011011001001000000000000101001001011111000001101000010010010000001011011111101100110111110000000
00000001011011111111011000100011001000000000101000001101101111101010010000000000100100000001011111111111000101111001000000000000101001001011111000001101000010100010000000100011111101100110111110000000
00000001011011111111011001011000001101010001011100001101101111101010010000000000100000000111010011111111011101001000000000000000101001001011111000001101000101110011010101011000111101100110111110000000
00000001011011111111011000110100001000000001000100001101101111101010010000000000100100000001101111111111000110111001000000000000101001001011111000001101000100010010000000110100111101100110111110000000
00000001011011111111011010011111000111100010111100001011101111101010010000000000100100001011011011111111101101101001000000000000101001001011111000001011001011110001111010011111111101100110111110000000
00000001011011111111011010010101000111100010100000001010101111101010010000000000100100001011101011111111101110101001000000000000101001001011111000001010001010000001111010010101111101100110111110000000
00000001011011111111011010100011000111100010001000001001101111101010010000000000100100001000010111111111100001011001000000000000101001001011111000001001001000100001111010100011111101100110111110000000
00000001011011111111011010110100000111100011000100001000101111101010010000000000100100001000000011111111100000001001000000000000101001001011111000001000001100010001111010110100111101100110111110000000
00000001011011111111011010110010000111100001101000001010101111101010010000000000100100001010111111111111101011111001000000000000101001001011111000001010000110100001111010110010111101100110111110000000
00000001011011111111011010111110000111100001111100001010101111101010010000000000100100001010011011111111101001101001000000000000101001001011111000001010000111110001111010111110111101100110111110000000
00000001011011111111011011000111000111100010011000001010101111101010010000000000100100001110011011111111111001101001000000000000101001001011111000001010001001100001111011000111111101100110111110000000
00000001011011111111011010111011000111100000100100001001101111101010010000000000100100001011011011111111101101101001000000000000101001001011111000001001000010010001111010111011111101100110111110000000
00000001011011111111011011001011000111100000100000001011101111101010010000000000100100001100010111111111110001011001000000000000101001001011111000001011000010000001111011001011111101100110111110000000
00000001011011111111011011001010000111100011101100001010101111101010010000000000100100001111011011111111111101101001000000000000101001001011111000001010001110110001111011001010111101100110111110000000
00000001011011111111011011101010000111100010101000001100101111101010010000000000100100001100000111111111110000011001000000000000101001001011111000001100001010100001111011101010111101100110111110000000
00000001011011111111011011111011000111100000010000001010101111101010010000000000100100001111100011111111111110001001000000000000101001001011111000001010000001000001111011111011111101100110111110000000
00000001011011111111011011100010000111100011011100001001101111101010010000000000100100001101000111111111110100011001000000000000101001001011111000001001001101110001111011100010111101100110111110000000
00000001011011111111011000011111000111110010110000001100101111101010010000000000100100000011001111111111001100111001000000000000101001001011111000001100001011000001111100011111111101100110111110000000
00000001011011111111011011110110000111100011000000001001101111101010010000000000100100001100001011111111110000101001000000000000101001001011111000001001001100000001111011110110111101100110111110000000
00000001011011111111011000000011000111110000111000001010101111101010010000000000100100000000101111111111000010111001000000000000101001001011111000001010000011100001111100000011111101100110111110000000
00000001011011111111011011111000000111100001011000001010101111101010010000000000100100001110100111111111111010011001000000000000101001001011111000001010000101100001111011111000111101100110111110000000
00000001011011111111011000000101000111110001110000001010101111101010010000000000100100000001111111111111000111111001000000000000101001001011111000001010000111000001111100000101111101100110111110000000
00000001011011111111011000100101000111110001111000001010101111101010010000000000100100000011110111111111001111011001000000000000101001001011111000001010000111100001111100100101111101100110111110000000
00000001011011111111011011101101000111100011000100001010101111101010010000000000100100001101101111111111110110111001000000000000101001001011111000001010001100010001111011101101111101100110111110000000
00000001011011111111011011110010000111100011101000001010101111101010010000000000100100001100111111111111110011111001000000000000101001001011111000001010001110100001111011110010111101100110111110000000
00000001011011111111011011100100000111100001100000001001101111101010010000000000100100001111100011111111111110001001000000000000101001001011111000001001000110000001111011100100111101100110111110000000
00000001011011111111011011010111000111100010011000001100101111101010010000000000100100001111000011111111111100001001000000000000101001001011111000001100001001100001111011010111111101100110111110000000
00000001011011111111011011101011000111100010011100001011101111101010010000000000100100001100101011111111110010101001000000000000101001001011111000001011001001110001111011101011111101100110111110000000
00000001011011111111011000010100000111110000000000001101101111101010010000000000100100000001010111111111000101011001000000000000101001001011111000001101000000000001111100010100111101100110111110000000
00000001011011111111011011100110000111100010000000001011101111101010010000000000100100001100000011111111110000001001000000000000101001001011111000001011001000000001111011100110111101100110111110000000
00000001011011111111011011100001000111100001011100001011101111101010010000000000100100001111000011111111111100001001000000000000101001001011111000001011000101110001111011100001111101100110111110000000
00000001011011111111011000111100000111110000110000001010101111101010010000000000100100000011011011111111001101101001000000000000101001001011111000001010000011000001111100111100111101100110111110000000
00000001011011111111011001000100000111110001101100001010101111101010010000000000100100000101100111111111010110011001000000000000101001001011111000001010000110110001111101000100111101100110111110000000
00000001011011111111011001011011000111110010110100001010101111101010010000000000100100000111000011111111011100001001000000000000101001001011111000001010001011010001111101011011111101100110111110000000
00000001011011111111011010000101000111110011011100001010101111101010010000000000100100001011010011111111101101001001000000000000101001001011111000001010001101110001111110000101111101100110111110000000
00000001011011111111011010001110000111110010110100001011101111101010010000000000100100001010010011111111101001001001000000000000101001001011111000001011001011010001111110001110111101100110111110000000
00000001011011111111011000111111000111110010110100001011101111101010010000000000100100000001010111111111000101011001000000000000101001001011111000001011001011010001111100111111111101100110111110000000
00000001011011111111011010000100000111110001011000001101101111101010010000000000100100001001001111111111100100111001000000000000101001001011111000001101000101100001111110000100111101100110111110000000
00000001011011111111011011001100001101000011011100001100101111101010010000000000100000001100000011111111110000001000000000000000101001001011111000001100001101110011010011001100111101100110111110000000
00000001011011111111011010001001000111110000111000001101101111101010010000000000100100001000011011111111100001101001000000000000101001001011111000001101000011100001111110001001111101100110111110000000
00000001011011111111011001111101000111110010010100001100101111101010010000000000100100000101100011111111010110001001000000000000101001001011111000001100001001010001111101111101111101100110111110000000
00000001011011111111011001111000000111110001101000001100101111101010010000000000100100000110001011111111011000101001000000000000101001001011111000001100000110100001111101111000111101100110111110000000
00000001011011111111011000110001000111110000111100001100101111101010010000000000100100000011111011111111001111101001000000000000101001001011111000001100000011110001111100110001111101100110111110000000
00000001011011111111011001101010000111110000111000001100101111101010010000000000100100000110010011111111011001001001000000000000101001001011111000001100000011100001111101101010111101100110111110000000
00000001011011111111011010001111000111110001101100001011101111101010010000000000100100001001001111111111100100111001000000000000101001001011111000001011000110110001111110001111111101100110111110000000
00000001011011111111011001101000000111110001001000001011101111101010010000000000100100000111110111111111011111011001000000000000101001001011111000001011000100100001111101101000111101100110111110000000
00000001011011111111011001100011000111110000111100001011101111101010010000000000100100000110101111111111011010111001000000000000101001001011111000001011000011110001111101100011111101100110111110000000
00000001011011111111011001010011000111110000111000001011101111101010010000000000100100000101101011111111010110101001000000000000101001001011111000001011000011100001111101010011111101100110111110000000
00000001011011111111011001100111000111110000100100001011101111101010010000000000100100000110100111111111011010011001000000000000101001001011111000001011000010010001111101100111111101100110111110000000
00000001011011111111011001010000000111110000001100001011101111101010010000000000100100000101010011111111010101001001000000000000101001001011111000001011000000110001111101010000111101100110111110000000
00000001011011111111011001001001000111110000000100001011101111101010010000000000100100000100111111111111010011111001000000000000101001001011111000001011000000010001111101001001111101100110111110000000
00000001011011111111011010001011000111110011101000001010101111101010010000000000100100001011011111111111101101111001000000000000101001001011111000001010001110100001111110001011111101100110111110000000
00000001011011111111011010011110000111110010101100001100101111101010010000000000100100001011010111111111101101011001000000000000101001001011111000001100001010110001111110011110111101100110111110000000
00000001011011111111011011101011000111110010110000001011101111101010010000000000100100001100000011111111110000001001000000000000101001001011111000001011001011000001111111101011111101100110111110000000
00000001011011111111011010010110000111110010110100001011101111101010010000000000100100001011110011111111101111001001000000000000101001001011111000001011001011010001111110010110111101100110111110000000
00000001011011111111011011010010000111110010111100001011101111101010010000000000100100001111101011111111111110101001000000000000101001001011111000001011001011110001111111010010111101100110111110000000
00000001011011111111011011110110000111110011000000001011101111101010010000000000100100001100000111111111110000011001000000000000101001001011111000001011001100000001111111110110111101100110111110000000
00000001011011111111011000000101001000000011101000001011101111101010010000000000100100000000011111111111000001111001000000000000101001001011111000001011001110100010000000000101111101100110111110000000
00000001011011111111011000001011001000000011101100001011101111101010010000000000100100000000100011111111000010001001000000000000101001001011111000001011001110110010000000001011111101100110111110000000
00000001011011111111011001111101000101010001110100010000101110101010010000000000100100000111001011111111011100101001000000000000101001001011101000010000000111010001010101111101111101100110111110000000
00000001011011111111011000000011001000000000000000001100101111101010010000000000100100000011110011111111001111001001000000000000101001001011111000001100000000000010000000000011111101100110111110000000
00000001011011111111011000001010001101010011100000001100101111101010010000000000100000000000100011111111000010001000000000000000101001001011111000001100001110000011010100001010111101100110111110000000
00000001011011111111011011111101000111110010111100001100101111101010010000000000100100001101001011111111110100101001000000000000101001001011111000001100001011110001111111111101111101100110111110000000
00000001011011111111011010011100000111110001011100001100101111101010010000000000100100001000101111111111100010111001000000000000101001001011111000001100000101110001111110011100111101100110111110000000
00000001011011111111011011010100000111110001000100001100101111101010010000000000100100001100010111111111110001011001000000000000101001001011111000001100000100010001111111010100111101100110111110000000
00000001011011111111011011001001000111110001000000001100101111101010010000000000100100001101100111111111110110011001000000000000101001001011111000001100000100000001111111001001111101100110111110000000
00000001011011111111011010010111000111110000101100001100101111101010010000000000100100001001110011111111100111001001000000000000101001001011111000001100000010110001111110010111111101100110111110000000
00000001011011111111011010111111000111110010011000001011101111101010010000000000100100001001111011111111100111101001000000000000101001001011111000001011001001100001111110111111111101100110111110000000
00000001011011111111011011100000000111110010011000001011101111101010010000000000100100001100000111111111110000011001000000000000101001001011111000001011001001100001111111100000111101100110111110000000
00000001011011111111011010111100000111110001011100001011101111101010010000000000100100001010110011111111101011001001000000000000101001001011111000001011000101110001111110111100111101100110111110000000
00000001011011111111011010011000000111110001011000001011101111101010010000000000100100001000100111111111100010011001000000000000101001001011111000001011000101100001111110011000111101100110111110000000
00000001011011111111011010011101000111110001010000001011101111101010010000000000100100001000111011111111100011101001000000000000101001001011111000001011000101000001111110011101111101100110111110000000
00000001011011111111011000001010000111110010111100001001101111101010010000000000100100000010000011111111001000001001000000000000101001001011111000001001001011110001111100001010111101100110111110000000
00000001011011111111011011100000000111100011100100001001101111101010010000000000100100001101110111111111110111011001000000000000101001001011111000001001001110010001111011100000111101100110111110000000
00000001011011111111011000110011000111110010101000001010101111101010010000000000100100000001111111111111000111111001000000000000101001001011111000001010001010100001111100110011111101100110111110000000
00000001011011111111011001110000000111110010101000001010101111101010010000000000100100000101110011111111010111001001000000000000101001001011111000001010001010100001111101110000111101100110111110000000
00000001011011111111011001011010000111110011011000001010101111101010010000000000100100000110101011111111011010101001000000000000101001001011111000001010001101100001111101011010111101100110111110000000
00000001011011111111011011011111000111100011100000001010101111101010010000000000100100001110000011111111111000001001000000000000101001001011111000001010001110000001111011011111111101100110111110000000
00000001011011111111011010101100000111100000000000001001101111101010010000000000100100001010100011111111101010001001000000000000101001001011111000001001000000000001111010101100111101100110111110000000
00000001011011111111011000001100001000000000000000001100101111101010010000000000100100000011001111111111001100111001000000000000101001001011111000001100000000000010000000001100111101100110111110000000
00000001011011111111011000010001001000000001100000001101101111101010010000000000100100000011011111111111001101111001000000000000101001001011111000001101000110000010000000010001111101100110111110000000
00000001011011111111011001101100001000000001000100001101101111101010010000000000100100000100001111111111010000111001000000000000101001001011111000001101000100010010000001101100111101100110111110000000
00000001011011111111011001111100000111110010011100001011101111101010010000000000100100000101110011111111010111001001000000000000101001001011111000001011001001110001111101111100111101100110111110000000
00000001011011111111011001101000001000000011010000001100101111101010010000000000100100000110001111111111011000111001000000000000101001001011111000001100001101000010000001101000111101100110111110000000
00000001011011111111011001011000000111110011010100001100101111101010010000000000100100000110110111111111011011011001000000000000101001001011111000001100001101010001111101011000111101100110111110000000
00000001011011111111011000110001001000000001110000001100101111101010010000000000100100000001001011111111000100101001000000000000101001001011111000001100000111000010000000110001111101100110111110000000
00000001011011111111011011001111000111110000010100001100101111101010010000000000100100001100101011111111110010101001000000000000101001001011111000001100000001010001111111001111111101100110111110000000
00000001011011111111011001100001000111110000010000001100101111101010010000000000100100000110010111111111011001011001000000000000101001001011111000001100000001000001111101100001111101100110111110000000
